6000
116
24
91
66
15
31
36
1
88
127
28
138
83
142
24
95
76
68
124
6
126
120
93
4
111
4
102
67
114
33
3
134
52
31
41
57
56
68
27
114
13
94
6
98
85
47
140
45
42
113
126
128
67
142
25
72
95
99
34
126
3
54
29
7
92
143
6
93
13
127
53
13
111
33
55
69
24
95
25
80
19
35
109
73
8
48
114
43
73
66
41
78
137
72
89
17
77
136
118
18
43
90
56
117
40
90
19
44
27
115
90
142
100
1
117
25
76
82
34
120
147
69
42
34
58
110
110
48
2
54
43
114
67
103
57
44
131
120
27
118
52
83
106
3
73
49
69
84
95
102
134
99
135
142
83
42
95
107
50
110
147
14
95
117
24
125
60
18
15
97
119
70
117
130
88
113
62
65
114
88
107
42
140
36
71
87
26
103
5
71
83
130
31
30
145
68
71
66
27
81
86
86
121
12
15
12
63
15
6
56
68
87
43
13
31
78
127
132
98
21
28
10
58
3
121
112
5
87
115
72
91
50
98
54
139
23
97
39
121
6
66
147
132
120
87
6
90
99
71
43
51
72
9
101
125
28
86
94
117
119
128
104
113
9
33
29
115
54
122
24
134
47
121
45
129
113
36
32
80
123
5
32
105
26
70
133
86
7
15
139
92
138
96
126
12
96
123
85
89
118
60
10
99
109
17
17
106
105
75
39
139
128
95
97
22
35
55
78
144
42
43
58
72
14
76
77
96
27
139
63
119
69
83
137
105
132
100
147
33
51
18
23
111
27
127
140
146
46
61
62
136
109
24
55
68
92
108
5
69
99
133
38
95
57
12
19
62
104
96
10
20
136
19
46
81
30
114
148
6
138
17
2
123
48
55
104
28
34
115
36
59
68
75
57
146
53
104
109
55
4
78
120
31
53
97
115
117
106
20
148
40
3
67
79
24
12
53
127
112
121
108
108
71
97
113
143
104
107
16
69
88
90
146
90
8
38
85
99
112
143
74
22
16
108
1
78
145
7
63
117
28
37
149
17
19
1
139
72
126
35
85
20
45
36
82
5
117
144
91
50
112
16
72
116
9
134
55
71
94
85
116
52
107
102
100
43
148
34
136
31
96
119
50
30
75
72
124
74
101
110
29
40
148
16
31
68
23
143
21
45
84
127
84
111
23
54
3
7
30
121
67
19
43
1
101
25
80
148
92
60
108
92
63
16
70
58
69
133
82
126
75
106
43
120
26
106
106
44
118
146
109
121
110
23
2
51
127
64
114
109
122
121
120
102
111
110
101
65
94
106
149
138
24
42
69
83
20
42
148
32
143
103
111
82
100
14
40
109
80
142
111
3
14
126
82
107
86
108
72
50
97
102
14
15
64
64
108
71
5
109
120
82
132
99
124
74
106
100
108
147
130
104
57
138
37
146
60
36
69
132
135
53
149
27
102
35
113
62
65
81
1
71
92
67
68
47
115
106
103
130
144
88
27
90
36
39
97
127
41
41
114
38
79
70
148
116
12
107
8
64
104
131
63
82
84
132
32
17
89
23
78
139
115
83
10
131
6
44
79
90
100
46
149
123
8
43
149
30
26
96
130
134
125
49
66
40
120
28
124
94
127
93
148
8
69
17
101
66
62
145
37
146
141
29
44
12
50
52
129
77
45
126
34
63
29
20
110
34
144
60
99
68
68
91
84
16
99
56
115
120
92
27
32
30
56
3
39
80
13
44
129
35
7
15
35
18
126
133
14
22
57
94
71
73
65
133
121
108
84
11
94
126
50
114
43
17
31
93
100
88
53
34
100
84
5
56
76
51
145
112
129
20
115
61
29
1
144
3
15
76
144
37
3
132
72
5
121
84
143
127
45
107
101
72
94
1
39
71
50
20
142
128
33
47
58
141
96
32
100
105
2
73
75
149
125
62
80
66
40
27
140
93
25
8
21
54
143
72
39
124
33
114
14
32
19
35
49
27
146
120
54
33
133
76
65
145
85
127
70
95
34
117
6
98
117
22
52
148
126
61
107
67
26
11
134
117
137
62
149
73
104
40
122
13
145
102
52
2
52
98
103
123
74
77
95
19
41
10
112
5
31
31
36
57
148
20
138
83
6
12
117
81
77
77
102
82
145
20
84
119
112
116
73
82
44
81
26
135
17
63
4
81
56
32
123
62
67
12
124
64
46
41
88
141
56
82
91
118
96
108
66
43
30
89
81
23
98
138
106
149
33
99
60
111
43
140
84
122
89
79
121
56
139
113
9
113
9
136
114
45
139
95
61
23
87
107
138
40
66
126
4
55
120
60
133
116
123
39
20
123
104
3
122
147
37
73
106
72
6
85
36
110
3
51
83
37
67
29
43
111
40
8
140
115
138
136
80
83
58
60
59
84
146
72
86
54
25
54
104
33
8
63
143
119
9
124
62
84
1
78
127
53
133
77
65
106
20
32
136
56
110
117
141
12
95
7
21
61
6
116
110
45
95
65
49
128
145
7
89
63
140
118
48
142
138
86
141
34
41
110
138
14
48
144
6
137
73
146
7
48
128
14
63
3
15
122
64
45
130
67
99
88
74
98
63
41
93
23
28
109
27
143
16
40
29
12
107
85
44
83
137
10
24
136
54
143
28
94
149
41
90
108
28
108
42
25
31
13
52
122
50
47
72
16
113
57
19
131
38
22
67
109
58
107
132
79
64
80
62
5
65
134
80
35
46
102
140
57
77
15
34
17
124
82
117
4
54
130
142
11
46
66
32
41
126
138
80
76
81
110
38
115
117
74
4
48
42
146
109
15
132
13
109
57
66
72
101
64
88
120
115
46
129
15
120
81
8
34
129
94
143
45
8
61
64
74
77
122
70
54
84
79
108
67
109
89
35
46
118
106
144
108
60
75
101
146
8
42
100
125
25
140
93
110
117
140
103
81
33
110
123
73
129
97
52
8
78
144
39
51
132
79
119
127
132
1
119
134
99
73
120
88
109
147
140
40
133
90
98
25
89
18
66
90
115
33
72
52
98
37
46
101
90
49
108
123
53
123
14
35
115
121
73
58
1
69
55
105
12
62
97
96
72
73
31
2
39
26
77
112
8
5
106
8
33
17
121
2
104
73
69
71
111
86
45
129
23
86
62
147
69
116
73
72
74
95
52
95
3
83
118
80
8
16
120
32
84
7
133
45
113
97
60
139
134
87
23
29
31
135
21
56
99
122
110
53
57
91
131
44
132
122
24
79
40
77
76
102
145
14
131
8
116
92
66
142
81
95
55
114
8
66
136
38
91
75
102
31
40
51
106
90
72
76
84
70
108
63
107
46
1
2
126
100
103
93
95
84
23
34
85
40
63
127
146
107
143
66
14
24
85
109
23
127
81
26
101
113
121
119
26
66
105
64
133
80
33
70
135
83
67
131
99
83
86
109
39
46
65
102
6
33
83
65
18
144
102
130
114
81
44
120
114
115
139
85
132
130
97
63
130
123
104
93
132
54
146
64
83
28
62
145
109
141
140
126
51
125
11
147
59
5
120
82
2
56
98
105
146
128
108
1
137
21
123
52
107
13
65
134
121
126
66
139
45
4
19
87
14
115
149
95
76
36
86
47
64
48
77
14
38
14
66
14
87
112
103
124
78
37
34
15
31
55
17
36
74
67
126
115
14
43
64
116
27
8
18
7
120
49
21
95
39
123
127
74
111
119
53
33
111
135
122
86
120
66
146
142
27
24
139
105
7
117
84
94
78
66
80
60
135
82
21
26
130
32
41
45
37
54
149
122
41
21
50
58
75
96
16
145
123
58
101
30
138
22
52
121
24
81
25
107
44
18
84
61
112
59
129
115
127
125
134
27
137
29
57
19
79
77
117
98
123
93
55
115
50
118
124
120
44
136
86
56
37
10
46
26
104
99
82
16
55
28
28
111
138
104
57
28
92
114
77
94
131
120
149
49
40
54
41
27
85
48
112
46
135
18
66
9
83
3
88
39
144
31
124
108
30
87
48
136
73
104
91
22
87
120
21
133
89
125
118
35
33
147
98
50
114
37
94
36
86
147
15
8
92
90
113
73
64
82
75
80
58
92
12
81
8
129
130
82
113
66
145
106
105
40
137
112
141
80
10
64
78
33
53
94
33
132
33
81
41
2
109
73
85
78
131
61
22
70
22
15
74
6
73
58
86
36
125
129
55
76
93
70
76
22
123
142
139
93
30
48
50
16
63
141
65
142
41
27
134
110
99
78
24
43
129
147
19
17
32
91
138
90
134
34
7
133
90
104
110
81
132
9
25
40
55
7
130
126
10
132
6
26
116
60
141
142
117
70
53
24
113
2
122
64
54
47
23
142
73
74
15
122
85
60
49
42
145
8
61
71
48
53
140
112
38
45
17
8
23
134
19
29
72
1
43
11
84
104
48
11
139
23
65
44
44
1
8
3
75
17
26
142
44
130
2
78
48
121
56
105
145
27
13
32
51
14
120
124
117
76
69
69
3
45
34
31
112
121
122
99
52
37
87
98
133
46
38
48
127
148
45
104
144
126
44
123
96
49
108
107
108
21
36
23
120
1
65
8
12
118
129
123
24
63
38
18
137
76
1
50
85
52
95
101
127
75
50
66
93
7
37
91
48
93
117
99
33
42
58
9
95
147
53
58
40
20
44
92
145
146
86
17
134
96
87
85
40
78
64
1
75
22
57
58
6
93
47
81
140
135
62
5
80
147
43
139
115
32
120
127
67
54
64
58
141
46
131
28
131
1
44
5
46
23
64
59
30
80
47
62
48
142
120
120
59
75
105
143
103
42
78
73
80
120
12
25
139
103
78
90
8
9
106
96
110
68
115
141
137
4
40
40
141
101
117
149
28
30
109
19
37
97
4
69
107
14
104
54
85
143
67
84
107
14
82
31
98
41
96
124
56
14
90
10
71
93
138
53
6
127
117
92
28
14
2
9
90
78
121
74
27
62
144
147
84
16
24
9
111
51
73
38
60
90
64
52
143
12
132
14
103
20
147
41
123
27
127
45
86
23
27
83
130
116
94
8
91
95
52
145
79
53
60
132
131
89
20
96
108
59
38
97
136
18
102
14
145
106
77
33
148
34
32
8
30
118
121
56
52
76
96
38
22
90
143
84
81
40
67
1
23
70
85
68
80
25
55
42
68
34
34
6
51
124
91
103
106
29
77
8
108
86
84
100
149
53
61
11
82
99
26
20
90
32
78
84
144
114
20
11
96
149
123
62
62
92
83
37
3
33
36
33
20
6
47
96
86
136
94
54
46
143
115
107
51
131
12
81
147
148
18
126
136
99
31
145
26
63
138
62
80
63
69
120
35
128
94
84
139
98
94
54
12
49
97
46
101
45
5
95
69
87
65
142
43
39
97
147
55
147
141
29
68
131
70
59
125
61
7
43
84
115
41
119
139
42
144
113
17
23
19
33
69
68
143
111
85
84
109
52
54
82
34
146
49
69
148
37
64
74
120
106
132
76
94
64
27
51
24
52
25
139
130
25
89
140
53
11
130
51
123
74
99
73
67
30
145
73
5
106
3
53
62
132
102
4
122
47
52
60
28
96
44
39
103
137
121
13
137
35
40
52
62
114
109
104
130
13
120
28
145
15
120
63
146
116
90
115
11
62
21
4
100
2
73
93
74
56
99
90
28
9
69
75
123
104
46
17
29
36
90
21
112
28
116
37
28
139
44
16
59
130
18
111
118
15
101
42
101
42
11
107
16
120
70
61
45
94
133
63
113
112
146
68
43
132
94
55
143
68
143
65
35
57
123
3
69
117
123
71
105
140
10
74
13
16
126
29
133
125
67
120
3
149
61
144
24
74
99
108
73
28
68
48
19
28
63
65
28
87
136
37
125
121
76
96
117
143
34
134
23
119
3
86
16
17
82
126
145
67
37
95
41
18
144
114
82
59
121
123
23
83
69
44
49
68
59
128
109
114
137
78
30
143
49
142
80
19
109
27
73
125
93
4
39
102
64
133
48
17
95
86
95
2
10
137
47
101
59
135
22
37
58
29
31
105
20
50
82
28
97
102
86
60
52
145
71
91
113
101
128
103
55
61
125
80
31
43
85
32
143
102
29
94
42
115
37
47
139
29
135
42
80
13
135
149
34
76
51
139
70
78
31
68
28
122
53
43
137
146
75
80
139
106
74
74
67
95
93
117
112
34
100
85
36
79
34
100
85
26
42
41
15
82
37
129
109
92
112
117
18
108
8
56
96
140
32
1
18
32
64
75
69
126
140
113
83
9
100
93
102
100
53
14
55
102
104
146
104
29
92
30
54
134
8
138
90
2
107
108
14
8
50
102
90
131
61
19
3
49
6
13
21
7
29
3
68
87
77
125
34
98
1
126
19
28
5
113
12
41
106
49
20
114
30
54
30
41
95
10
66
85
15
125
67
89
130
64
98
95
61
123
56
140
15
4
39
119
113
42
86
74
13
92
25
10
149
89
14
112
72
59
88
118
63
97
91
129
47
17
129
130
136
136
58
124
90
3
30
90
86
49
136
112
133
1
70
3
138
77
94
123
125
135
135
12
53
77
119
30
24
64
82
119
55
63
32
45
96
98
51
79
47
60
119
149
125
81
127
144
81
7
107
63
42
64
84
31
42
24
97
41
23
143
75
124
95
121
110
25
70
57
65
34
70
34
118
11
43
77
148
88
106
35
71
22
34
24
113
84
48
50
141
54
137
56
104
56
51
93
65
92
97
26
47
9
124
56
6
8
66
140
5
72
107
103
122
94
1
37
92
24
103
45
117
1
148
104
126
13
123
86
91
144
4
136
33
76
116
15
85
44
51
81
96
111
93
51
46
62
88
112
112
100
63
28
120
49
127
49
68
5
106
115
36
96
144
73
87
79
26
17
6
98
122
145
49
112
69
41
101
111
88
81
145
51
55
29
102
34
145
149
113
7
106
21
98
52
46
73
65
63
140
98
112
51
14
21
135
78
95
66
136
56
125
133
111
122
125
93
104
101
61
54
108
34
97
142
12
108
98
9
12
23
60
130
128
72
82
80
36
134
108
22
62
133
12
57
36
60
121
88
36
23
62
89
127
100
68
16
124
142
79
103
53
95
131
49
137
130
63
61
46
89
133
11
117
48
33
31
60
57
107
9
35
75
57
4
136
136
41
17
96
120
84
6
5
112
28
95
140
11
78
143
79
32
49
105
109
56
16
68
25
71
146
2
38
43
21
87
86
15
64
128
47
88
30
115
50
37
97
64
125
37
87
72
62
64
94
58
25
73
128
91
81
135
100
64
43
106
79
17
39
81
35
84
21
130
106
117
142
107
146
129
129
25
84
103
133
40
73
79
111
76
4
148
133
134
133
116
17
128
112
121
50
83
59
55
86
85
21
142
76
64
23
130
2
5
113
75
83
140
106
132
21
40
135
111
104
25
140
108
52
58
135
94
114
29
49
131
14
27
14
106
32
39
129
29
72
139
31
140
138
103
17
117
71
60
82
91
105
90
67
56
72
98
92
108
135
3
75
50
149
132
26
40
1
109
8
106
141
96
8
91
82
70
35
28
71
103
129
67
79
128
78
40
121
101
111
33
82
100
26
57
2
22
117
34
31
65
26
149
143
44
119
82
70
121
93
28
55
103
42
27
33
128
4
136
142
45
67
108
146
136
7
94
147
137
25
110
116
50
135
58
22
15
50
84
120
44
75
2
118
49
72
3
47
35
132
95
23
2
88
5
46
72
120
66
4
80
123
101
119
135
54
116
109
96
45
125
121
27
76
115
134
102
57
149
10
27
38
111
111
109
94
17
67
117
64
64
29
14
121
132
47
100
111
114
78
87
134
118
37
43
45
79
16
81
21
68
23
55
8
70
34
146
10
95
64
123
146
141
9
84
41
101
126
40
79
53
40
23
124
105
79
103
112
86
39
105
41
71
51
94
76
132
114
134
10
61
137
7
102
72
23
48
128
72
110
27
51
132
98
128
132
134
58
14
107
38
62
49
64
69
139
30
87
49
100
24
26
79
144
75
2
134
43
3
58
22
92
149
94
56
80
23
112
60
4
120
61
24
137
22
94
149
59
89
20
102
77
8
130
31
30
129
105
34
84
101
100
4
106
19
19
37
140
41
90
57
42
119
52
69
75
28
7
138
113
45
76
50
39
17
94
109
27
128
79
6
96
46
139
7
105
32
45
113
23
18
70
94
101
123
6
100
4
4
30
138
95
56
79
53
61
141
115
62
104
7
74
117
34
61
59
123
19
92
93
94
95
97
104
108
121
40
104
88
10
78
117
86
63
21
132
109
92
90
146
4
122
149
60
19
142
26
113
48
70
46
48
136
63
7
110
70
37
89
90
56
26
129
102
52
130
11
90
38
74
141
22
89
38
27
27
47
1
135
19
104
97
121
136
95
19
36
99
43
6
42
78
78
5
101
27
61
60
134
130
84
68
67
2
111
112
67
75
57
57
64
143
74
45
149
64
53
39
108
41
41
135
112
36
48
13
107
52
39
126
27
64
15
89
98
67
121
32
94
86
111
79
134
87
64
112
133
124
89
26
69
149
108
135
50
69
149
129
118
120
128
98
29
39
9
99
78
82
141
101
101
17
29
101
17
99
11
35
50
47
141
13
56
38
10
46
55
97
104
108
64
68
38
82
25
98
34
144
112
63
95
13
21
4
107
49
48
37
78
137
64
51
109
113
15
102
36
22
117
90
102
86
29
74
41
116
56
76
20
17
125
136
63
7
39
66
143
26
18
97
24
45
145
113
76
12
102
17
121
59
65
68
111
143
108
7
37
67
121
51
120
79
138
96
1
105
88
109
6
100
81
133
57
66
70
16
64
84
66
10
124
101
18
66
87
146
135
80
89
1
15
87
60
38
76
119
113
28
124
38
122
59
58
66
29
127
95
148
137
18
125
11
67
92
17
14
77
8
125
7
35
84
137
143
138
108
69
28
90
101
20
89
133
17
75
126
54
121
18
54
87
8
8
129
85
19
114
21
72
130
78
3
47
101
54
15
71
36
65
44
103
98
118
45
119
35
48
66
6
141
51
93
83
7
61
2
29
138
31
14
134
144
43
137
89
120
66
37
76
77
52
142
136
49
67
59
117
54
75
31
94
109
5
79
87
45
85
36
15
96
43
123
53
129
65
128
120
61
34
104
40
26
90
108
19
22
60
92
96
51
41
91
9
29
63
142
125
123
120
20
117
145
10
39
53
110
78
132
89
61
77
50
88
94
34
23
96
138
132
42
83
55
146
139
23
106
119
31
48
142
36
125
12
11
58
100
79
73
12
36
78
36
61
80
67
26
24
68
57
117
7
63
133
44
3
134
67
70
52
10
2
89
109
115
78
126
116
131
55
142
122
47
17
45
88
5
95
26
117
115
22
7
30
79
140
133
81
97
65
130
120
95
84
64
11
37
32
145
22
39
10
35
125
41
51
89
19
88
57
90
38
137
42
94
128
128
4
32
80
5
30
121
44
47
53
131
92
78
142
43
16
104
76
48
50
4
121
29
22
138
102
104
2
77
67
60
67
140
125
143
97
121
93
9
61
95
117
93
74
38
147
108
103
98
15
73
58
128
86
122
82
81
114
142
23
14
82
75
67
139
25
34
82
65
147
123
6
57
126
10
135
123
19
88
4
8
115
129
112
49
49
79
76
26
91
93
57
126
134
30
122
75
21
6
45
47
73
112
89
10
97
65
52
57
100
123
145
143
18
115
47
70
99
9
132
70
129
27
66
47
54
72
68
10
94
37
22
7
33
15
42
118
125
17
85
33
9
77
125
14
42
1
115
28
56
72
40
53
73
52
143
108
130
91
82
141
141
23
77
45
21
148
13
35
75
147
70
41
53
29
7
147
12
90
85
128
91
89
94
74
147
99
13
65
79
20
92
75
138
75
137
120
49
146
138
49
58
15
101
142
108
27
122
36
2
8
79
8
98
88
36
18
125
80
124
82
136
109
63
33
52
55
109
72
68
90
95
95
42
36
67
95
103
126
139
115
119
80
103
9
45
106
12
8
117
102
126
127
15
55
9
2
80
66
148
81
146
84
78
65
65
88
23
9
137
117
147
121
58
34
120
141
127
100
17
144
61
8
75
65
114
115
37
40
41
84
74
144
123
10
143
88
135
15
87
15
28
48
3
1
106
125
122
91
143
75
64
101
44
12
23
8
144
37
112
42
132
85
147
143
21
130
86
100
56
83
55
148
15
66
95
99
25
141
80
95
149
78
108
63
120
56
16
90
99
85
149
21
126
121
59
47
77
29
137
124
127
75
125
65
65
148
102
62
138
45
54
31
59
134
78
12
58
30
97
49
45
70
95
136
124
107
143
39
142
20
136
40
105
70
26
131
3
149
82
112
18
136
121
135
19
60
65
114
25
79
104
86
17
8
146
109
90
75
128
4
24
18
90
1
95
49
123
139
73
124
42
136
1
98
54
98
1
114
98
6
116
57
116
100
110
44
51
59
109
29
40
148
27
97
127
106
72
22
113
5
145
32
41
47
124
24
24
131
45
113
78
21
130
6
73
8
96
106
80
7
96
70
27
1
17
78
101
120
32
66
112
127
133
51
132
68
80
131
148
127
116
91
139
97
139
65
149
108
40
58
93
81
71
99
53
61
146
95
2
8
8
6
73
20
136
104
12
26
96
147
138
91
83
77
10
114
109
20
63
17
77
128
32
114
124
85
52
73
145
61
100
58
95
127
37
21
58
61
5
57
2
21
28
110
33
90
8
28
127
36
21
129
116
65
101
110
60
105
73
66
124
103
98
62
114
84
117
78
57
39
24
36
136
130
35
78
66
69
21
130
98
52
131
67
8
125
67
58
97
146
1
141
107
129
111
69
11
113
137
86
88
136
145
18
91
75
84
99
125
69
31
93
98
64
43
120
127
59
65
101
73
15
76
48
84
137
3
3
139
23
74
33
82
109
121
76
126
116
83
95
130
88
96
117
81
116
2
23
84
42
87
108
65
113
63
35
79
49
108
1
96
128
143
17
148
123
125
49
56
32
71
116
41
24
75
100
66
102
47
139
35
145
42
31
6
119
14
118
119
23
70
85
34
42
113
32
89
56
43
44
135
71
134
146
24
125
94
143
14
34
117
75
52
46
23
11
41
74
82
147
73
53
129
60
19
86
99
64
105
114
1
30
19
30
79
2
9
132
138
43
7
8
34
72
149
73
147
44
96
4
50
56
99
5
45
84
14
73
144
113
68
87
46
104
59
39
44
18
48
24
110
76
80
112
37
106
146
89
91
37
60
76
53
143
6
93
28
59
49
43
133
100
87
108
122
87
16
126
107
131
143
72
23
35
148
6
132
94
142
145
18
89
92
72
52
80
120
66
142
53
15
71
51
2
61
88
127
53
124
10
105
134
10
141
132
112
43
48
137
11
141
80
143
140
144
137
106
135
6
74
37
29
50
32
145
63
115
115
117
75
72
65
32
115
21
56
28
33
117
34
138
126
117
37
148
4
93
30
69
108
113
48
134
112
134
102
83
109
71
65
95
145
45
75
144
30
32
147
2
143
7
125
4
124
104
38
148
46
67
118
93
107
134
145
107
27
55
56
61
130
99
67
45
143
16
18
126
93
77
27
14
66
40
100
23
131
21
118
121
145
53
1
18
68
56
68
93
35
135
149
36
42
136
60
115
149
53
59
83
21
146
98
120
92
60
14
48
57
10
124
30
11
37
77
18
22
78
70
109
12
35
65
74
42
55
3
65
108
85
86
140
5
36
25
54
78
11
125
4
146
87
145
58
135
45
13
13
67
55
12
80
37
18
6
45
22
107
56
30
88
146
30
44
92
6
49
17
77
145
113
118
7
122
33
73
69
138
2
14
65
41
128
86
50
20
98
140
97
43
113
96
44
95
98
110
61
45
75
108
98
91
105
103
113
6
55
99
129
63
17
67
75
117
73
36
133
14
45
26
15
15
54
102
117
32
115
33
140
149
90
98
60
39
76
118
49
144
5
96
147
149
148
117
29
133
141
91
68
65
101
11
141
48
135
9
142
12
87
100
108
24
110
129
72
146
119
113
43
98
35
26
51
12
126
137
40
12
29
57
17
120
9
82
102
103
24
140
25
13
82
94
7
9
37
122
55
102
56
27
12
31
29
85
65
74
69
91
73
123
40
79
115
44
122
5
144
106
33
18
132
30
4
143
44
125
25
37
48
107
91
128
24
87
4
58
109
113
76
4
60
97
53
94
73
37
127
102
11
32
84
96
101
103
31
125
48
55
144
51
78
146
52
21
77
84
25
108
88
11
122
54
89
146
8
27
55
15
133
1
11
90
54
48
50
99
48
48
74
41
131
42
142
69
42
131
23
63
142
52
65
96
5
80
116
30
107
126
37
74
123
101
125
115
96
119
31
122
112
58
84
59
79
23
71
39
146
6
18
138
106
3
132
96
88
32
4
79
29
143
26
97
125
106
38
83
84
134
32
41
40
42
140
78
59
43
1
116
130
128
4
71
21
57
120
86
103
27
88
46
63
138
23
81
21
145
30
89
110
48
25
21
32
13
59
28
73
93
6
102
131
8
106
36
105
126
49
15
9
54
83
115
50
124
78
120
42
69
10
141
79
8
25
97
106
126
84
117
49
52
54
32
45
36
92
20
58
82
149
84
79
78
52
6
120
113
102
29
107
108
106
39
23
19
50
30
115
140
64
95
81
126
35
123
4
114
86
39
40
26
36
92
91
55
104
119
9
96
143
107
29
138
94
17
106
88
141
89
34
78
11
105
118
59
22
47
121
118
31
75
96
42
22
14
26
149
1
13
86
144
61
74
90
130
95
98
128
67
68
129
6
108
117
101
86
147
89
64
12
32
15
52
40
110
5
119
66
130
141
37
68
51
33
113
33
119
16
113
146
40
99
37
64
11
137
35
131
61
122
120
55
12
49
20
35
128
96
121
142
43
74
3
48
53
117
21
25
71
46
146
123
128
121
61
75
135
138
61
52
14
55
59
58
8
135
105
78
84
116
63
149
96
112
57
132
140
11
59
108
117
11
114
35
87
32
122
30
79
135
42
119
15
28
29
101
105
116
33
68
42
131
26
86
44
148
131
147
129
22
14
100
66
3
25
126
38
138
107
46
74
148
134
109
67
23
114
4
17
23
11
75
9
20
35
43
128
99
131
146
3
54
71
57
129
77
17
138
63
66
46
87
52
40
24
2
118
65
76
134
15
89
102
53
64
78
107
78
97
67
25
101
47
67
130
46
64
41
148
7
83
51
122
142
62
36
143
24
14
132
20
92
94
7
78
13
8
102
83
29
71
70
63
21
127
134
109
89
22
98
40
49
91
24
128
88
147
57
86
110
130
133
148
41
61
25
12
47
100
129
67
17
77
1
6
35
89
103
64
63
121
42
2
5
107
41
48
15
4
3
132
140
68
39
15
95
78
113
14
27
65
105
29
118
54
78
112
137
128
15
13
67
2
54
54
11
149
147
20
118
84
49
49
5
16
129
30
69
84
110
117
34
148
78
5
147
55
8
99
1
131
82
53
86
6
30
58
97
96
124
18
36
55
89
52
49
136
120
62
129
36
95
19
